9808295841
9438277970
7985650737
8768456974
6439332435
9105786267
6807423685
8310785529
9883441269
7579612511
8951585645
7321984972
9855651216
7948202106
7821724985
8179678744
7197520790
7275059762
9316628376
9560845489
9522262468
9851582926
8871978921
9817897051
6537972209
9517920525
9621269345
7167300276
7949528147
9567442213
8276773018
7464778767
9349653753
7502318783
8785429020
9600552514
8158237555
9570094290
8967562148
8507008880
8993952263
8284860208
9789556297
8849601659
6895508118
8893140097
8524022393
9613488681
8684454669
9481194495
8579395450
7811544542
8589387842
8631248801
8162150656
7464038082
6703490234
6948757180
9870370465
8103751780
8761898428
6836556232
9745894633
8913006506
7676244394
6975769418
8877816950
8697276728
7549905393
6308835655
8355846227
7939058147
7513761085
6256511964
6392769258
6111162932
9706737182
7358954037
9455238497
7144032795
8251643052
6797604497
9776798096
9319188209
9143364708
8692218613
6644826611
8741579340
9182754507
9419177286
9804364180
9907388702
8723907639
7400862845
6491797816
7349471414
7923537532
9957364760
9565740788
7811877864
6395041269
8111076465
7501814333
9923348933
8640344127
6802513755
6341349894
8609222756
7473768203
7770423450
7940304618
8188669207
7575270089
7354029772
6727961895
8623795234
7860353666
6891172994
8338171942
7835628735
6446238847
9778689215
6297369239
7519819152
6930101765
6330662380
9950685826
7116000553
9771798106
9124658489
6399230719
8786756736
9157227609
7670187597
8708930931
7946492041
7968056519
8421290111
9166493290
7175044800
6789107447
7230428866
9901510485
7418248448
9594709623
7168763998
6845387247
7319041463
9334196627
7418265377
8351270358
7223556369
9734752374
9214376670
9575624452
7250559598
7683509658
8941790712
6479771382
8664006035
9503535453
8477604373
7459384128
9514066207
7119491962
9268102266
6471397913
7873983912
6776261403
7561250614
8732002122
7940261481
6614355286
6460714193
9870301403
7469494862
9352008850
8121041952
9892397713
7879454023
9654037770
7268733003
8655906706
6135770647
9209463091
6799220533
8142451290
8872113506
9709535772
7368987810
7618043037
8510376222
8180639445
9703571372
9633966719
7965113447
8833198106
9728613491
8910107261
6635301717
8951856501
8196114986
6636446751
9921996335
6897257607
8391197612
8720851865
6937442869
6441013119
9579651060
6993616580
7421237533
6516534047
9408886609
9447573251
9987935734
7779327851
6733098433
8520515137
9128302665
6692870389
7199077639
8808311132
6545867725
6477625672
9300722591
8604973990
7770698460
9773947679
8617790225
9493841092
9976345383
8634997022
6730030781
7658489953
9321541309
8619471548
7557181652
8352756382
7466954413
9632804227
7300645801
9702327792
9852997119
6846272702
8945793197
6659749849
6294773833
9469873514
9607654929
9496743056
9881630254
7407470416
8733155895
8725601482
9906965546
8224843826
8732199286
9328709626
8127100038
6971098340
9622676327
9953096784
7351291857
7966452613
8143554762
9371962957
9127586927
7740256860
8764615614
9832079942
6649587720
7140592870
9887977495
9777479765
6218306327
8805739556
9559121639
7654933557
9889440906
9475269571
9348402854
7649681393
8446591950
7257379405
6630868709
9166408799
7323687110
6956937772
6799174357
9651027577
7737249075
6383311534
9764642588
8651573924
6945592779
8427353931
6865668263
8614137990
9986570455
9531822859
6571387590
7338381794
7363806412
8645700490
9827632331
8174088209
7626763495
9581950144
9554649872
6344982458
7937772241
6410608884
7295781198
6256824799
9742412014
9960090491
7803394776
9664723816
7167060931
7411292713
9650545644
7983161362
7884134091
6496945891
8860731876
8705132493
8423698885
8967727181
6538891435
9899884689
7727098482
8731979573
8968708001
7668505838
9438987917
6887773828
6116266410
9659256815
6879368061
7661094780
8920743154
7120171908
9108980498
7848412687
7532392237
9977160086
8598584846
7249615853
7553638134
6478344413
7887585988
7954690579
9697207396
7920870810
8437570804
8236272936
8804023318
6868305096
6875658652
9854765461
6817155068
9677782898
8933424584
6147112780
9537819225
6107823651
9273557390
7277443884
6862652193
7954969554
9548285340
7997937373
6814689403
7736263216
7698215983
9122923964
8647381824
8195536514
7382261238
6765356576
9908537260
6898952606
9408902625
9291363588
7537556323
7844322817
7448924369
9309774820
6681208851
8106679127
7909885005
7709593286
7531707630
9235262069
6229066698
7713372589
6596378631
6681598034
8814039788
8281470878
9625159597
6415309068
8536294377
6218512293
8965284869
6975323874
8389273018
8938323807
8557618070
9778403429
6878500801
6343321546
9469293103
8360207916
8820262944
7888757481
6594168615
7222238856
6524253219
8593378787
6885238739
9428951831
7938890979
9724860208
8471724175
7700958999
8611463425
6242003636
6573946153
8768417062
7863344563
7560653194
7102476381
9976879547
7272067424
9775396193
7190087149
6662225205
6744482406
8553787728
9944120252
9373946287
6912542092
8226708292
7429261203
9754791450
8128131598
9246707154
9480109884
6971370787
9534200197
7706300752
8503835336
6290021649
6565232280
7496574780
7575020369
6858493749
7986108410
8661326872
9334440901
6141011174
8887508151
7661955275
9153175721
7230097492
6152713562
9316353051
6107687058
9309097359
9301648341
7930258119
6828859593
8409307438
7382596906
9856655810
7999066786
8299952745
6471980358
6426862538
7706590414
6106039859
8230245353
8465201382
8753298220
9544014318
7407512275
8962140491
7540583113
6509270696
8672290587
7465462389
8387044527
6820963031
6390126053
9663197091
9163112295
9737417029
9928394689
7523643126
8302031436
7596634393
7265444933
6150239277
7187883006
7739892891
7833258175
6372978332
8262726284
8377247360
8776552873
7135633272
6606681981
6349538472
8773917553
7797343869
7256257599
7581068166
6944872321
8337714981
8374558115
6935242563
6140187888
6336691431
7771566678
7673162500
9985760914
8163424730
6284191073
8490811045
8785118632
8418710339
6144096494
6570771250
6899906468
8274756122
9362164103
8563529525
9663094931
6498886922
9540733325
6528502717
9637852585
9524835557
6368314354
9404203319
8131936741
7347943940
9135859901
7750080857
7385879130
6439845024
6783503750
6286426078
8313391825
8108417639
7180348549
7536053403
7294098241
7642043514
9439445625
9200469171
7463941522
7725899255
7747199340
6908908514
6535450156
6348223766
8106147982
6818897050
8652464553
8150814962
7625964970
8923603387
6412679045
6807755039
8589946768
6762026038
9254590366
6289968688
7690092402
9558739467
6909174616
8743326094
6388066085
7878572618
8254090025
8465921391
8247520277
9954083210
9924890062
8662087869
9426149386
7376716176
7884873020
8634837846
7205486048
6437423063
9981193564
9849806503
8259057437
9410406548
6694892564
7135977645
6156164680
7304603420
6874925348
6764876053
6988276713
8746423798
9535306925
6153013705
7823969239
8197050622
6284473140
9477804740
6133663070
8503499266
7459041014
8773437570
6651003515
9188134364
9600978638
9311076521
8573251527
6447738907
9597720141
6453261015
8211616677
9790072573
6249571400
7786587263
6196273163
7193331200
6246394672
8114508896
7779928049
9909706495
8787173012
8686353767
7644658154
7736312121
8220507338
8390908416
6118171121
9887656915
8925859122
8637835418
6513306663
8666159860
9343599682
6674824252
8619273731
6370168523
6136703555
8921712711
6385194583
8658075173
8291944937
7122474653
6120016350
6337924281
8812947396
7488693249
6191532921
7898515016
9171427118
8652143726
8464059072
9309855340
6971496681
7612972705
6152775880
6997720398
7632172827
8800330364
9601546361
6139606741
6853587775
9531833797
6886712432
6717513248
7210455990
6320912904
6784115729
7253884248
6458254597
6885907923
8928264163
9256745405
6886720279
6900247700
6938350393
7208462423
6580565533
7995328056
8840210646
7622224078
9410890378
6201092263
7225223878
9438765372
7812788085
8218546590
8843825825
6936968928
9646947323
7640561266
9302398752
8750037192
6775549969
8753968783
7282518251
8293854720
9602061537
8145396494
6286025639
9839761817
6632108477
7118883170
7525450455
8208419918
7146542451
6457033304
6755696643
6450990423
8957970944
8149439644
7896418287
9884587801
7119375071
6787410860
7910685172
7589264499
6169370112
9268569194
7142477628
6339222810
7340811368
8114296726
8738625630
9277540262
6145464948
6671980931
6724577721
7240568808
6695746059
8106391101
8587833720
9603343919
6227526967
9670189061
8818573832
8793149638
8226269244
8516131551
8364892946
8819752954
7428548567
6634255732
6969534508
8451069174
8221220420
7864845534
9591865334
7335991729
9841325730
6978571808
7240552839
7333250247
9591889180
9948486447
9315101145
6163422981
8280379457
7415604339
9415683949
9217790200
8593146926
9888678007
8436075256
9484229648
9723395784
9190045538
7419007926
6539186174
8500080453
6151872370
8960942100
6724825517
9521153963
8947919171
7886554976
9757372174
8784772288
6520600062
6846981426
9213008722
8687880252
7249797592
9402620296
9187197681
9940353080
6785974588
6195976760
6672823159
8477982961
6743324728
9208904350
6497583402
6493700435
8312006492
6924416804
7312575171
9872610108
9133558244
7530022739
6194973844
7382393946
8993610786
9907431779
6797521581
9364332626
9428588262
7816863180
6417514806
8733626612
9253189874
8510554710
9606037565
6320428121
7462993836
6373626201
7153670626
7608155074
7916091086
6478326794
8735996600
9588453225
8644975128
9302638957
8558408126
7996175251
7771661901
9265996006
9718482920
6672752625
6934687306
8301084967
6107204975
7284212824
6241549729
7950623807
9459013787
9992798507
6855279527
7675011919
8415660047
8642264488
6808350380
7807093507
9845468164
9326097748
8326237662
6854968396
7880263663
8327951441
9235517134
6541230392
8897382927
6881773149
9351008962
8912790244
6570424549
8210897203
7717973589
7296590751
8492973284
9220898399
6343359167
6312637117
6920474024
6175976777
7724811474
7123278262
7104587383
8863241785
7761609507
8216238555
7364219649
7183049332
8333802859
6543243661
8647654799
7111741392
9636091040
7106676624
7709198595
8368295193
7847372536
6734666203
7775951668
9645088756
9331616480
6505636487
7418413242
6509620464
8453246743
7888521345
9910125431
6336963287
9982070035
7856903947
9597111198
6988974727
7159161804
8808367350
8407603099
9484978109
7600299182
9974346387
7871017847
9404878241
7987631577
7928114689
8398144953
6384753124
8682275220
9260945913
9648746074
7693759727
8476909171
8760086159
7672482147
6566707046
6716207815
7698211185
9543750101
6517904668
6319039272
8520741219
8267329094
7692156154
6290178081
9757294294
8212008085
7291569093
8863143082
7407389770
6767796669
8239845985
7544117678
7681445295
8817950351
8537296161
6154479061
8468568257
9402662406
7308744519
9868768114
9525023501
8904591371
9775922218
8107146421
7540376135
6272942635
6414705553
7996529364
9791144992
7290916886
7560844654
7935736332
9439968062
6240828482
6758289011
9230920699
9534882611
6249643092
8724014940
8495799903
6146268039
6133813187
7912563352
6745088254
6363121102
7132717978
8109888986
6691343083
6576388820
8890236848
7171691575
9394878990
9911927730
8598556508
6274699005
6464499053
6432376967
6795782361
7197903180
